[gd_scene format=3 uid="uid://dvbj6syadcb2n"]

[ext_resource type="PackedScene" uid="uid://cntekpf3cnio6" path="res://asset/models/monolith_engine.glb" id="1_1y0ng"]
[ext_resource type="PackedScene" uid="uid://c2e8751kwuom5" path="res://asset/models/monolith_shield.glb" id="2_8hq13"]

[sub_resource type="Animation" id="Animation_1y0ng"]
length = 0.001
tracks/0/type = "position_3d"
tracks/0/imported = false
tracks/0/enabled = true
tracks/0/path = NodePath("monolith_shield2")
tracks/0/interp = 1
tracks/0/loop_wrap = true
tracks/0/keys = PackedFloat32Array(0, 1, 0, -19.425795, 0)

[sub_resource type="Animation" id="Animation_8hq13"]
resource_name = "ide"
loop_mode = 1
tracks/0/type = "position_3d"
tracks/0/imported = false
tracks/0/enabled = true
tracks/0/path = NodePath("monolith_shield2")
tracks/0/interp = 2
tracks/0/loop_wrap = true
tracks/0/keys = PackedFloat32Array(0.16666667, 1, 0, -19.425795, 0, 1, 1, 0, -12.437411, 0)

[sub_resource type="AnimationLibrary" id="AnimationLibrary_hf6i3"]
_data = {
&"RESET": SubResource("Animation_1y0ng"),
&"ide": SubResource("Animation_8hq13")
}

[node name="Monolith" type="Node3D" unique_id=1170716217]
transform = Transform3D(10, 0, 0, 0, 10, 0, 0, 0, 10, 0, 0, 0)

[node name="monolith_shield2" parent="." unique_id=1508089694 instance=ExtResource("2_8hq13")]
transform = Transform3D(1, 0, 0, 0, -1, -8.7422784e-08, 0, 8.7422784e-08, -1, 0, -19.425795, 0)

[node name="monolith_shield" parent="." unique_id=1760943493 instance=ExtResource("2_8hq13")]
transform = Transform3D(1, 0, 0, 0, 1, 0, 0, 0, 1, 0, 19.424356, 0)

[node name="engine" type="Node3D" parent="." unique_id=2019065051]

[node name="monolith_engine" parent="engine" unique_id=564545707 instance=ExtResource("1_1y0ng")]
transform = Transform3D(0.70710677, 0, -0.70710677, 0, 1, 0, 0.70710677, 0, 0.70710677, -6, 0, -6)

[node name="monolith_engine2" parent="engine" unique_id=961227939 instance=ExtResource("1_1y0ng")]
transform = Transform3D(0.7071067, 0, 0.7071067, 0, 1, 0, -0.7071067, 0, 0.7071067, -6, 0, 6)

[node name="monolith_engine3" parent="engine" unique_id=1301037613 instance=ExtResource("1_1y0ng")]
transform = Transform3D(-0.70710653, 0, 0.70710653, 0, 1, 0, -0.70710653, 0, -0.70710653, 6, 0, 6)

[node name="monolith_engine4" parent="engine" unique_id=1724427421 instance=ExtResource("1_1y0ng")]
transform = Transform3D(0.70710665, 0, 0.70710665, 0, 1, 0, -0.70710665, 0, 0.70710665, 6, 0, -6)

[node name="AnimationPlayer" type="AnimationPlayer" parent="." unique_id=163155227]
libraries/ = SubResource("AnimationLibrary_hf6i3")
